0.00990099   0.888351   0.478448   0.621935
  0.019802   0.879246   0.521927   0.655026
  0.029703   0.876169   0.538577   0.667094
  0.039604   0.872053   0.556904   0.679726
  0.049505   0.869684   0.566475   0.686072
 0.0594059   0.867293    0.57838   0.693967
 0.0693069    0.86563   0.585542   0.698556
 0.0792079   0.863447   0.594609   0.704244
 0.0891089   0.862366   0.600353   0.707893
 0.0990099   0.860828   0.607378   0.712227
  0.108911   0.860059   0.612204   0.715269
  0.118812   0.858251    0.61868   0.719035
  0.128713   0.857502   0.623391   0.721941
  0.138614   0.856255   0.629379   0.725494
  0.148515   0.855174   0.633512    0.72784
  0.158416   0.853823   0.639025   0.730971
  0.168317   0.852638   0.643111   0.733199
  0.178218   0.851204   0.648959   0.736448
  0.188119   0.850518   0.655626   0.740463
   0.19802    0.84397   0.666776   0.744981
  0.207921   0.838087   0.670063   0.744715
  0.217822   0.837442   0.672251   0.745809
  0.227723   0.836756   0.675783   0.747704
  0.237624   0.835759   0.677765   0.748515
  0.247525   0.834574   0.680486   0.749694
  0.257426   0.833784   0.682723    0.75073
  0.267327   0.832911   0.685251     0.7519
  0.277228   0.831954   0.687297   0.752739
  0.287129   0.830686   0.689863   0.753754
   0.29703   0.830167   0.691988   0.754805
  0.306931   0.829127   0.694285   0.755739
  0.316832   0.828421   0.696433   0.756715
  0.326733   0.827735   0.699303   0.758118
  0.336634   0.826903   0.701347   0.758967
  0.346535   0.825614   0.703416   0.759632
  0.356436   0.824679    0.70513   0.760233
  0.366337   0.823494   0.707689   0.761212
  0.376238   0.822746   0.709823   0.762124
  0.386139   0.820376   0.712686   0.762749
   0.39604   0.815387   0.716059   0.762502
  0.405941   0.810502   0.718246    0.76159
  0.415842   0.809712   0.720506   0.762509
  0.425743   0.808984   0.721567   0.762779
  0.435644    0.80782   0.723278   0.763215
  0.445545   0.807384   0.725006    0.76398
  0.455446   0.806261   0.726724   0.764429
  0.465347     0.8057   0.728101   0.764937
  0.475248   0.804598   0.729958   0.765463
  0.485149   0.803725   0.731165    0.76573
   0.49505    0.80254   0.733012   0.766202
   0.50495   0.801979   0.734479   0.766746
  0.514851   0.801044   0.736596   0.767469
  0.524752   0.800108   0.738148    0.76788
  0.534653   0.799256   0.740415   0.768711
  0.544554    0.79857   0.742353   0.769436
  0.554455   0.797364   0.744873   0.770225
  0.564356     0.7962   0.746511   0.770555
  0.574257    0.79435   0.748863   0.770936
  0.584158   0.793082   0.750935   0.771433
  0.594059   0.787469   0.752897   0.769795
   0.60396   0.781483   0.754597   0.767804
  0.613861   0.780298   0.755926   0.767918
  0.623762   0.779113   0.758229   0.768529
  0.633663   0.778323   0.759735   0.768916
  0.643564   0.777263   0.762288   0.769703
  0.653465   0.776036   0.763561   0.769748
  0.663366   0.774831   0.765663   0.770219
  0.673267   0.774145   0.767523    0.77082
  0.683168   0.772856   0.770214   0.771533
  0.693069   0.771879   0.771799   0.771839
   0.70297    0.77007   0.774012   0.772036
  0.712871   0.768969   0.775546   0.772243
  0.722772   0.767306   0.778192   0.772711
  0.732673   0.766495   0.779919   0.773149
  0.742574   0.764686   0.782764    0.77362
  0.752475   0.763397   0.784869   0.773984
  0.762376   0.761423   0.787907   0.774438
  0.772277   0.759718   0.790291   0.774703
  0.782178   0.757037   0.793905   0.775032
  0.792079   0.753461   0.796475   0.774371
   0.80198   0.746913   0.799657   0.772386
  0.811881   0.744585   0.803477   0.772911
  0.821782   0.742901   0.806035   0.773182
  0.831683   0.740386   0.809864   0.773568
  0.841584   0.738058    0.81249   0.773487
  0.851485   0.735168   0.816993   0.773924
  0.861386   0.732798    0.81989   0.773902
  0.871287   0.729992    0.82603   0.775047
  0.881188   0.726812   0.829967   0.774971
  0.891089   0.721615   0.835355    0.77433
   0.90099   0.718081   0.839669    0.77413
  0.910891   0.711969   0.845888   0.773173
  0.920792   0.707043   0.850325   0.772093
  0.930693   0.698125   0.857544   0.769666
  0.940594   0.689727   0.862109   0.766344
  0.950495   0.676194   0.872231   0.761803
  0.960396    0.66289   0.879381   0.755941
  0.970297   0.633227    0.89313   0.741051
  0.980198   0.601505   0.905183    0.72274
  0.990099   0.498275   0.931851   0.649338
